1,008,9,2,2,1,2023-12-03
2,007,10,5,4,10,2023-12-04
3,001,4,4,3,7,2023-12-04
21,007,9,3,4,8,2023-06-15
22,012,5,2,1,6,2023-09-28
23,010,3,4,2,3,2023-04-10
4,004,11,1,3,7,2023-11-02
5,015,8,5,5,9,2023-12-20
6,009,2,2,1,4,2023-08-05
7,011,6,3,4,5,2023-07-18
8,005,12,4,2,10,2023-10-05
9,014,4,1,3,2,2023-05-12
10,003,7,5,5,1,2023-03-25
11,006,10,2,1,6,2023-08-20
12,002,1,3,2,9,2023-02-10
13,013,3,4,4,3,2023-05-30
14,008,12,1,5,7,2023-09-10
15,001,9,5,3,5,2023-01-15
16,010,2,2,1,8,2023-07-05
17,012,8,4,4,4,2023-09-18
18,004,6,1,2,1,2023-06-02
19,007,11,3,3,9,2023-08-15
20,015,5,5,5,10,2023-12-31
227,6,11,3,3,10,2024-06-12
333,4,3,1,1,5,2024-06-12
221,9,3,2,2,7,2024-06-12
236,13,9,5,3,10,2024-06-12
82,238,10,1,1,5,2024-06-13
127,13,10,5,4,10,2024-06-17
275,13,3,1,1,2,2024-06-17
399,3,9,2,2,5,2024-06-24
246,422,5,1,1,1,2024-06-24
35,186,4,4,3,2,2024-06-24
128,96,4,2,2,9,2024-06-24
129,5,6,4,3,7,2024-07-21
237,7,3,2,2,4,2024-07-21